K=3 , F=522421 --> 0.7172152996063232 sec
K=3 , F=373158 --> 59.71874976158142 sec
K=5 , F=298526 --> 896.0962014198303 sec
K=2 , F=298526 --> 381.52823066711426 sec
